%YAML:1.0
---
Camera: !!opencv-matrix
   rows: 3
   cols: 3
   dt: d
   data: [ 3.0524844619018804e+03, 0., 1.8665046772588034e+03, 0.,
       3.0463248004025850e+03, 1.1557185166904756e+03, 0., 0., 1. ]
Distortion: !!opencv-matrix
   rows: 1
   cols: 5
   dt: d
   data: [ 5.4180274861684308e-02, 3.8320332050506091e-02,
       3.8142914937939385e-03, 9.9907598573834955e-04,
       -3.7235035075249323e-01 ]
